normalized-losses,make,fuel-type,aspiration,num-of-doors,body-style,drive-wheels,engine-location,wheel-base,length,width,height,curb-weight,engine-type,num-of-cylinders,engine-size,fuel-system,bore,stroke,compression-ratio,horsepower,peak-rpm,city-mpg,highway-mpg,price,symboling
,alfa-romero,gas,std,two,convertible,rwd,front,88.6,168.8,64.1,48.8,2548.0,dohc,four,130.0,mpfi,3.47,2.68,9.0,111.0,5000.0,21,27,13495.0,3
,alfa-romero,gas,std,two,convertible,rwd,front,88.6,168.8,64.1,48.8,2548.0,dohc,four,130.0,mpfi,3.47,2.68,9.0,111.0,5000.0,21,27,16500.0,3
,alfa-romero,gas,std,two,hatchback,rwd,front,94.5,171.2,65.5,52.4,2823.0,ohcv,six,152.0,mpfi,2.68,3.47,9.0,154.0,5000.0,19,26,16500.0,1
164.0,audi,gas,std,four,sedan,fwd,front,99.8,176.6,66.2,54.3,2337.0,ohc,four,109.0,mpfi,3.19,3.4,10.0,102.0,5500.0,24,30,13950.0,2
164.0,audi,gas,std,four,sedan,4wd,front,99.4,176.6,66.4,54.3,2824.0,ohc,five,136.0,mpfi,3.19,3.4,8.0,115.0,5500.0,18,22,17450.0,2
,audi,gas,std,two,sedan,fwd,front,99.8,177.3,66.3,53.1,2507.0,ohc,five,136.0,mpfi,3.19,3.4,8.5,110.0,5500.0,19,25,15250.0,2
158.0,audi,gas,std,four,sedan,fwd,front,105.8,192.7,71.4,55.7,2844.0,ohc,five,136.0,mpfi,3.19,3.4,8.5,110.0,5500.0,19,25,17710.0,1
,audi,gas,std,four,wagon,fwd,front,105.8,192.7,71.4,55.7,2954.0,ohc,five,136.0,mpfi,3.19,3.4,8.5,110.0,5500.0,19,25,18920.0,1
158.0,audi,gas,turbo,four,sedan,fwd,front,105.8,192.7,71.4,55.9,3086.0,ohc,five,131.0,mpfi,3.13,3.4,8.3,140.0,5500.0,17,20,23875.0,1
,audi,gas,turbo,two,hatchback,4wd,front,99.5,178.2,67.9,52.0,3053.0,ohc,five,131.0,mpfi,3.13,3.4,7.0,160.0,5500.0,16,22,,0
192.0,bmw,gas,std,two,sedan,rwd,front,101.2,176.8,64.8,54.3,2395.0,ohc,four,108.0,mpfi,3.5,2.8,8.8,101.0,5800.0,23,29,16430.0,2
192.0,bmw,gas,std,four,sedan,rwd,front,101.2,176.8,64.8,54.3,2395.0,ohc,four,108.0,mpfi,3.5,2.8,8.8,101.0,5800.0,23,29,16925.0,0
188.0,bmw,gas,std,two,sedan,rwd,front,101.2,176.8,64.8,54.3,2710.0,ohc,six,164.0,mpfi,3.31,3.19,9.0,121.0,4250.0,21,28,20970.0,0
188.0,bmw,gas,std,four,sedan,rwd,front,101.2,176.8,64.8,54.3,2765.0,ohc,six,164.0,mpfi,3.31,3.19,9.0,121.0,4250.0,21,28,21105.0,0
,bmw,gas,std,four,sedan,rwd,front,103.5,189.0,66.9,55.7,3055.0,ohc,six,164.0,mpfi,3.31,3.19,9.0,121.0,4250.0,20,25,24565.0,1
,bmw,gas,std,four,sedan,rwd,front,103.5,189.0,66.9,55.7,3230.0,ohc,six,209.0,mpfi,3.62,3.39,8.0,182.0,5400.0,16,22,30760.0,0
,bmw,gas,std,two,sedan,rwd,front,103.5,193.8,67.9,53.7,3380.0,ohc,six,209.0,mpfi,3.62,3.39,8.0,182.0,5400.0,16,22,41315.0,0
,bmw,gas,std,four,sedan,rwd,front,110.0,197.0,70.9,56.3,3505.0,ohc,six,209.0,mpfi,3.62,3.39,8.0,182.0,5400.0,15,20,36880.0,0
121.0,chevrolet,gas,std,two,hatchback,fwd,front,88.4,141.1,60.3,53.2,1488.0,l,three,61.0,2bbl,2.91,3.03,9.5,48.0,5100.0,47,53,5151.0,2
98.0,chevrolet,gas,std,two,hatchback,fwd,front,94.5,155.9,63.6,52.0,1874.0,ohc,four,90.0,2bbl,3.03,3.11,9.6,70.0,5400.0,38,43,6295.0,1
81.0,chevrolet,gas,std,four,sedan,fwd,front,94.5,158.8,63.6,52.0,1909.0,ohc,four,90.0,2bbl,3.03,3.11,9.6,70.0,5400.0,38,43,6575.0,0
118.0,dodge,gas,std,two,hatchback,fwd,front,93.7,157.3,63.8,50.8,1876.0,ohc,four,90.0,2bbl,2.97,3.23,9.41,68.0,5500.0,37,41,5572.0,1
118.0,dodge,gas,std,two,hatchback,fwd,front,93.7,157.3,63.8,50.8,1876.0,ohc,four,90.0,2bbl,2.97,3.23,9.4,68.0,5500.0,31,38,6377.0,1
118.0,dodge,gas,turbo,two,hatchback,fwd,front,93.7,157.3,63.8,50.8,2128.0,ohc,four,98.0,mpfi,3.03,3.39,7.6,102.0,5500.0,24,30,7957.0,1
148.0,dodge,gas,std,four,hatchback,fwd,front,93.7,157.3,63.8,50.6,1967.0,ohc,four,90.0,2bbl,2.97,3.23,9.4,68.0,5500.0,31,38,6229.0,1
148.0,dodge,gas,std,four,sedan,fwd,front,93.7,157.3,63.8,50.6,1989.0,ohc,four,90.0,2bbl,2.97,3.23,9.4,68.0,5500.0,31,38,6692.0,1
148.0,dodge,gas,std,four,sedan,fwd,front,93.7,157.3,63.8,50.6,1989.0,ohc,four,90.0,2bbl,2.97,3.23,9.4,68.0,5500.0,31,38,7609.0,1
148.0,dodge,gas,turbo,,sedan,fwd,front,93.7,157.3,63.8,50.6,2191.0,ohc,four,98.0,mpfi,3.03,3.39,7.6,102.0,5500.0,24,30,8558.0,1
110.0,dodge,gas,std,four,wagon,fwd,front,103.3,174.6,64.6,59.8,2535.0,ohc,four,122.0,2bbl,3.34,3.46,8.5,88.0,5000.0,24,30,8921.0,-1
145.0,dodge,gas,turbo,two,hatchback,fwd,front,95.9,173.2,66.3,50.2,2811.0,ohc,four,156.0,mfi,3.6,3.9,7.0,145.0,5000.0,19,24,12964.0,3
137.0,honda,gas,std,two,hatchback,fwd,front,86.6,144.6,63.9,50.8,1713.0,ohc,four,92.0,1bbl,2.91,3.41,9.6,58.0,4800.0,49,54,6479.0,2
137.0,honda,gas,std,two,hatchback,fwd,front,86.6,144.6,63.9,50.8,1819.0,ohc,four,92.0,1bbl,2.91,3.41,9.2,76.0,6000.0,31,38,6855.0,2
101.0,honda,gas,std,two,hatchback,fwd,front,93.7,150.0,64.0,52.6,1837.0,ohc,four,79.0,1bbl,2.91,3.07,10.1,60.0,5500.0,38,42,5399.0,1
101.0,honda,gas,std,two,hatchback,fwd,front,93.7,150.0,64.0,52.6,1940.0,ohc,four,92.0,1bbl,2.91,3.41,9.2,76.0,6000.0,30,34,6529.0,1
101.0,honda,gas,std,two,hatchback,fwd,front,93.7,150.0,64.0,52.6,1956.0,ohc,four,92.0,1bbl,2.91,3.41,9.2,76.0,6000.0,30,34,7129.0,1
110.0,honda,gas,std,four,sedan,fwd,front,96.5,163.4,64.0,54.5,2010.0,ohc,four,92.0,1bbl,2.91,3.41,9.2,76.0,6000.0,30,34,7295.0,0
78.0,honda,gas,std,four,wagon,fwd,front,96.5,157.1,63.9,58.3,2024.0,ohc,four,92.0,1bbl,2.92,3.41,9.2,76.0,6000.0,30,34,7295.0,0
106.0,honda,gas,std,two,hatchback,fwd,front,96.5,167.5,65.2,53.3,2236.0,ohc,four,110.0,1bbl,3.15,3.58,9.0,86.0,5800.0,27,33,7895.0,0
106.0,honda,gas,std,two,hatchback,fwd,front,96.5,167.5,65.2,53.3,2289.0,ohc,four,110.0,1bbl,3.15,3.58,9.0,86.0,5800.0,27,33,9095.0,0
85.0,honda,gas,std,four,sedan,fwd,front,96.5,175.4,65.2,54.1,2304.0,ohc,four,110.0,1bbl,3.15,3.58,9.0,86.0,5800.0,27,33,8845.0,0
85.0,honda,gas,std,four,sedan,fwd,front,96.5,175.4,62.5,54.1,2372.0,ohc,four,110.0,1bbl,3.15,3.58,9.0,86.0,5800.0,27,33,10295.0,0
85.0,honda,gas,std,four,sedan,fwd,front,96.5,175.4,65.2,54.1,2465.0,ohc,four,110.0,mpfi,3.15,3.58,9.0,101.0,5800.0,24,28,12945.0,0
107.0,honda,gas,std,two,sedan,fwd,front,96.5,169.1,66.0,51.0,2293.0,ohc,four,110.0,2bbl,3.15,3.58,9.1,100.0,5500.0,25,31,10345.0,1
,isuzu,gas,std,four,sedan,rwd,front,94.3,170.7,61.8,53.5,2337.0,ohc,four,111.0,2bbl,3.31,3.23,8.5,78.0,4800.0,24,29,6785.0,0
,isuzu,gas,std,two,sedan,fwd,front,94.5,155.9,63.6,52.0,1874.0,ohc,four,90.0,2bbl,3.03,3.11,9.6,70.0,5400.0,38,43,,1
,isuzu,gas,std,four,sedan,fwd,front,94.5,155.9,63.6,52.0,1909.0,ohc,four,90.0,2bbl,3.03,3.11,9.6,70.0,5400.0,38,43,,0
,isuzu,gas,std,two,hatchback,rwd,front,96.0,172.6,65.2,51.4,2734.0,ohc,four,119.0,spfi,3.43,3.23,9.2,90.0,5000.0,24,29,11048.0,2
145.0,jaguar,gas,std,four,sedan,rwd,front,113.0,199.6,69.6,52.8,4066.0,dohc,six,258.0,mpfi,3.63,4.17,8.1,176.0,4750.0,15,19,32250.0,0
,jaguar,gas,std,four,sedan,rwd,front,113.0,199.6,69.6,52.8,4066.0,dohc,six,258.0,mpfi,3.63,4.17,8.1,176.0,4750.0,15,19,35550.0,0
,jaguar,gas,std,two,sedan,rwd,front,102.0,191.7,70.6,47.8,3950.0,ohcv,twelve,326.0,mpfi,3.54,2.76,11.5,262.0,5000.0,13,17,36000.0,0
104.0,mazda,gas,std,two,hatchback,fwd,front,93.1,159.1,64.2,54.1,1890.0,ohc,four,91.0,2bbl,3.03,3.15,9.0,68.0,5000.0,30,31,5195.0,1
104.0,mazda,gas,std,two,hatchback,fwd,front,93.1,159.1,64.2,54.1,1900.0,ohc,four,91.0,2bbl,3.03,3.15,9.0,68.0,5000.0,31,38,6095.0,1
104.0,mazda,gas,std,two,hatchback,fwd,front,93.1,159.1,64.2,54.1,1905.0,ohc,four,91.0,2bbl,3.03,3.15,9.0,68.0,5000.0,31,38,6795.0,1
113.0,mazda,gas,std,four,sedan,fwd,front,93.1,166.8,64.2,54.1,1945.0,ohc,four,91.0,2bbl,3.03,3.15,9.0,68.0,5000.0,31,38,6695.0,1
113.0,mazda,gas,std,four,sedan,fwd,front,93.1,166.8,64.2,54.1,1950.0,ohc,four,91.0,2bbl,3.08,3.15,9.0,68.0,5000.0,31,38,7395.0,1
150.0,mazda,gas,std,two,hatchback,rwd,front,95.3,169.0,65.7,49.6,2380.0,rotor,two,70.0,4bbl,,,9.4,101.0,6000.0,17,23,10945.0,3
150.0,mazda,gas,std,two,hatchback,rwd,front,95.3,169.0,65.7,49.6,2380.0,rotor,two,70.0,4bbl,,,9.4,101.0,6000.0,17,23,11845.0,3
150.0,mazda,gas,std,two,hatchback,rwd,front,95.3,169.0,65.7,49.6,2385.0,rotor,two,70.0,4bbl,,,9.4,101.0,6000.0,17,23,13645.0,3
150.0,mazda,gas,std,two,hatchback,rwd,front,95.3,169.0,65.7,49.6,2500.0,rotor,two,80.0,mpfi,,,9.4,135.0,6000.0,16,23,15645.0,3
129.0,mazda,gas,std,two,hatchback,fwd,front,98.8,177.8,66.5,53.7,2385.0,ohc,four,122.0,2bbl,3.39,3.39,8.6,84.0,4800.0,26,32,8845.0,1
115.0,mazda,gas,std,four,sedan,fwd,front,98.8,177.8,66.5,55.5,2410.0,ohc,four,122.0,2bbl,3.39,3.39,8.6,84.0,4800.0,26,32,8495.0,0
129.0,mazda,gas,std,two,hatchback,fwd,front,98.8,177.8,66.5,53.7,2385.0,ohc,four,122.0,2bbl,3.39,3.39,8.6,84.0,4800.0,26,32,10595.0,1
115.0,mazda,gas,std,four,sedan,fwd,front,98.8,177.8,66.5,55.5,2410.0,ohc,four,122.0,2bbl,3.39,3.39,8.6,84.0,4800.0,26,32,10245.0,0
,mazda,diesel,std,,sedan,fwd,front,98.8,177.8,66.5,55.5,2443.0,ohc,four,122.0,idi,3.39,3.39,22.7,64.0,4650.0,36,42,10795.0,0
115.0,mazda,gas,std,four,hatchback,fwd,front,98.8,177.8,66.5,55.5,2425.0,ohc,four,122.0,2bbl,3.39,3.39,8.6,84.0,4800.0,26,32,11245.0,0
118.0,mazda,gas,std,four,sedan,rwd,front,104.9,175.0,66.1,54.4,2670.0,ohc,four,140.0,mpfi,3.76,3.16,8.0,120.0,5000.0,19,27,18280.0,0
,mazda,diesel,std,four,sedan,rwd,front,104.9,175.0,66.1,54.4,2700.0,ohc,four,134.0,idi,3.43,3.64,22.0,72.0,4200.0,31,39,18344.0,0
93.0,mercedes-benz,diesel,turbo,four,sedan,rwd,front,110.0,190.9,70.3,56.5,3515.0,ohc,five,183.0,idi,3.58,3.64,21.5,123.0,4350.0,22,25,25552.0,-1
93.0,mercedes-benz,diesel,turbo,four,wagon,rwd,front,110.0,190.9,70.3,58.7,3750.0,ohc,five,183.0,idi,3.58,3.64,21.5,123.0,4350.0,22,25,28248.0,-1
93.0,mercedes-benz,diesel,turbo,two,hardtop,rwd,front,106.7,187.5,70.3,54.9,3495.0,ohc,five,183.0,idi,3.58,3.64,21.5,123.0,4350.0,22,25,28176.0,0
93.0,mercedes-benz,diesel,turbo,four,sedan,rwd,front,115.6,202.6,71.7,56.3,3770.0,ohc,five,183.0,idi,3.58,3.64,21.5,123.0,4350.0,22,25,31600.0,-1
,mercedes-benz,gas,std,four,sedan,rwd,front,115.6,202.6,71.7,56.5,3740.0,ohcv,eight,234.0,mpfi,3.46,3.1,8.3,155.0,4750.0,16,18,34184.0,-1
142.0,mercedes-benz,gas,std,two,convertible,rwd,front,96.6,180.3,70.5,50.8,3685.0,ohcv,eight,234.0,mpfi,3.46,3.1,8.3,155.0,4750.0,16,18,35056.0,3
,mercedes-benz,gas,std,four,sedan,rwd,front,120.9,208.1,71.7,56.7,3900.0,ohcv,eight,308.0,mpfi,3.8,3.35,8.0,184.0,4500.0,14,16,40960.0,0
,mercedes-benz,gas,std,two,hardtop,rwd,front,112.0,199.2,72.0,55.4,3715.0,ohcv,eight,304.0,mpfi,3.8,3.35,8.0,184.0,4500.0,14,16,45400.0,1
,mercury,gas,turbo,two,hatchback,rwd,front,102.7,178.4,68.0,54.8,2910.0,ohc,four,140.0,mpfi,3.78,3.12,8.0,175.0,5000.0,19,24,16503.0,1
161.0,mitsubishi,gas,std,two,hatchback,fwd,front,93.7,157.3,64.4,50.8,1918.0,ohc,four,92.0,2bbl,2.97,3.23,9.4,68.0,5500.0,37,41,5389.0,2
161.0,mitsubishi,gas,std,two,hatchback,fwd,front,93.7,157.3,64.4,50.8,1944.0,ohc,four,92.0,2bbl,2.97,3.23,9.4,68.0,5500.0,31,38,6189.0,2
161.0,mitsubishi,gas,std,two,hatchback,fwd,front,93.7,157.3,64.4,50.8,2004.0,ohc,four,92.0,2bbl,2.97,3.23,9.4,68.0,5500.0,31,38,6669.0,2
161.0,mitsubishi,gas,turbo,two,hatchback,fwd,front,93.0,157.3,63.8,50.8,2145.0,ohc,four,98.0,spdi,3.03,3.39,7.6,102.0,5500.0,24,30,7689.0,1
153.0,mitsubishi,gas,turbo,two,hatchback,fwd,front,96.3,173.0,65.4,49.4,2370.0,ohc,four,110.0,spdi,3.17,3.46,7.5,116.0,5500.0,23,30,9959.0,3
153.0,mitsubishi,gas,std,two,hatchback,fwd,front,96.3,173.0,65.4,49.4,2328.0,ohc,four,122.0,2bbl,3.35,3.46,8.5,88.0,5000.0,25,32,8499.0,3
,mitsubishi,gas,turbo,two,hatchback,fwd,front,95.9,173.2,66.3,50.2,2833.0,ohc,four,156.0,spdi,3.58,3.86,7.0,145.0,5000.0,19,24,12629.0,3
,mitsubishi,gas,turbo,two,hatchback,fwd,front,95.9,173.2,66.3,50.2,2921.0,ohc,four,156.0,spdi,3.59,3.86,7.0,145.0,5000.0,19,24,14869.0,3
,mitsubishi,gas,turbo,two,hatchback,fwd,front,95.9,173.2,66.3,50.2,2926.0,ohc,four,156.0,spdi,3.59,3.86,7.0,145.0,5000.0,19,24,14489.0,3
125.0,mitsubishi,gas,std,four,sedan,fwd,front,96.3,172.4,65.4,51.6,2365.0,ohc,four,122.0,2bbl,3.35,3.46,8.5,88.0,5000.0,25,32,6989.0,1
125.0,mitsubishi,gas,std,four,sedan,fwd,front,96.3,172.4,65.4,51.6,2405.0,ohc,four,122.0,2bbl,3.35,3.46,8.5,88.0,5000.0,25,32,8189.0,1
125.0,mitsubishi,gas,turbo,four,sedan,fwd,front,96.3,172.4,65.4,51.6,2403.0,ohc,four,110.0,spdi,3.17,3.46,7.5,116.0,5500.0,23,30,9279.0,1
137.0,mitsubishi,gas,std,four,sedan,fwd,front,96.3,172.4,65.4,51.6,2403.0,ohc,four,110.0,spdi,3.17,3.46,7.5,116.0,5500.0,23,30,9279.0,-1
128.0,nissan,gas,std,two,sedan,fwd,front,94.5,165.3,63.8,54.5,1889.0,ohc,four,97.0,2bbl,3.15,3.29,9.4,69.0,5200.0,31,37,5499.0,1
128.0,nissan,diesel,std,two,sedan,fwd,front,94.5,165.3,63.8,54.5,2017.0,ohc,four,103.0,idi,2.99,3.47,21.9,55.0,4800.0,45,50,7099.0,1
128.0,nissan,gas,std,two,sedan,fwd,front,94.5,165.3,63.8,54.5,1918.0,ohc,four,97.0,2bbl,3.15,3.29,9.4,69.0,5200.0,31,37,6649.0,1
122.0,nissan,gas,std,four,sedan,fwd,front,94.5,165.3,63.8,54.5,1938.0,ohc,four,97.0,2bbl,3.15,3.29,9.4,69.0,5200.0,31,37,6849.0,1
103.0,nissan,gas,std,four,wagon,fwd,front,94.5,170.2,63.8,53.5,2024.0,ohc,four,97.0,2bbl,3.15,3.29,9.4,69.0,5200.0,31,37,7349.0,1
128.0,nissan,gas,std,two,sedan,fwd,front,94.5,165.3,63.8,54.5,1951.0,ohc,four,97.0,2bbl,3.15,3.29,9.4,69.0,5200.0,31,37,7299.0,1
128.0,nissan,gas,std,two,hatchback,fwd,front,94.5,165.6,63.8,53.3,2028.0,ohc,four,97.0,2bbl,3.15,3.29,9.4,69.0,5200.0,31,37,7799.0,1
122.0,nissan,gas,std,four,sedan,fwd,front,94.5,165.3,63.8,54.5,1971.0,ohc,four,97.0,2bbl,3.15,3.29,9.4,69.0,5200.0,31,37,7499.0,1
103.0,nissan,gas,std,four,wagon,fwd,front,94.5,170.2,63.8,53.5,2037.0,ohc,four,97.0,2bbl,3.15,3.29,9.4,69.0,5200.0,31,37,7999.0,1
168.0,nissan,gas,std,two,hardtop,fwd,front,95.1,162.4,63.8,53.3,2008.0,ohc,four,97.0,2bbl,3.15,3.29,9.4,69.0,5200.0,31,37,8249.0,2
106.0,nissan,gas,std,four,hatchback,fwd,front,97.2,173.4,65.2,54.7,2324.0,ohc,four,120.0,2bbl,3.33,3.47,8.5,97.0,5200.0,27,34,8949.0,0
106.0,nissan,gas,std,four,sedan,fwd,front,97.2,173.4,65.2,54.7,2302.0,ohc,four,120.0,2bbl,3.33,3.47,8.5,97.0,5200.0,27,34,9549.0,0
128.0,nissan,gas,std,four,sedan,fwd,front,100.4,181.7,66.5,55.1,3095.0,ohcv,six,181.0,mpfi,3.43,3.27,9.0,152.0,5200.0,17,22,13499.0,0
108.0,nissan,gas,std,four,wagon,fwd,front,100.4,184.6,66.5,56.1,3296.0,ohcv,six,181.0,mpfi,3.43,3.27,9.0,152.0,5200.0,17,22,14399.0,0
108.0,nissan,gas,std,four,sedan,fwd,front,100.4,184.6,66.5,55.1,3060.0,ohcv,six,181.0,mpfi,3.43,3.27,9.0,152.0,5200.0,19,25,13499.0,0
194.0,nissan,gas,std,two,hatchback,rwd,front,91.3,170.7,67.9,49.7,3071.0,ohcv,six,181.0,mpfi,3.43,3.27,9.0,160.0,5200.0,19,25,17199.0,3
194.0,nissan,gas,turbo,two,hatchback,rwd,front,91.3,170.7,67.9,49.7,3139.0,ohcv,six,181.0,mpfi,3.43,3.27,7.8,200.0,5200.0,17,23,19699.0,3
231.0,nissan,gas,std,two,hatchback,rwd,front,99.2,178.5,67.9,49.7,3139.0,ohcv,six,181.0,mpfi,3.43,3.27,9.0,160.0,5200.0,19,25,18399.0,1
161.0,peugot,gas,std,four,sedan,rwd,front,107.9,186.7,68.4,56.7,3020.0,l,four,120.0,mpfi,3.46,3.19,8.4,97.0,5000.0,19,24,11900.0,0
161.0,peugot,diesel,turbo,four,sedan,rwd,front,107.9,186.7,68.4,56.7,3197.0,l,four,152.0,idi,3.7,3.52,21.0,95.0,4150.0,28,33,13200.0,0
,peugot,gas,std,four,wagon,rwd,front,114.2,198.9,68.4,58.7,3230.0,l,four,120.0,mpfi,3.46,3.19,8.4,97.0,5000.0,19,24,12440.0,0
,peugot,diesel,turbo,four,wagon,rwd,front,114.2,198.9,68.4,58.7,3430.0,l,four,152.0,idi,3.7,3.52,21.0,95.0,4150.0,25,25,13860.0,0
161.0,peugot,gas,std,four,sedan,rwd,front,107.9,186.7,68.4,56.7,3075.0,l,four,120.0,mpfi,3.46,2.19,8.4,95.0,5000.0,19,24,15580.0,0
161.0,peugot,diesel,turbo,four,sedan,rwd,front,107.9,186.7,68.4,56.7,3252.0,l,four,152.0,idi,3.7,3.52,21.0,95.0,4150.0,28,33,16900.0,0
,peugot,gas,std,four,wagon,rwd,front,114.2,198.9,68.4,56.7,3285.0,l,four,120.0,mpfi,3.46,2.19,8.4,95.0,5000.0,19,24,16695.0,0
,peugot,diesel,turbo,four,wagon,rwd,front,114.2,198.9,68.4,58.7,3485.0,l,four,152.0,idi,3.7,3.52,21.0,95.0,4150.0,25,25,17075.0,0
161.0,peugot,gas,std,four,sedan,rwd,front,107.9,186.7,68.4,56.7,3075.0,l,four,120.0,mpfi,3.46,3.19,8.4,97.0,5000.0,19,24,16630.0,0
161.0,peugot,diesel,turbo,four,sedan,rwd,front,107.9,186.7,68.4,56.7,3252.0,l,four,152.0,idi,3.7,3.52,21.0,95.0,4150.0,28,33,17950.0,0
161.0,peugot,gas,turbo,four,sedan,rwd,front,108.0,186.7,68.3,56.0,3130.0,l,four,134.0,mpfi,3.61,3.21,7.0,142.0,5600.0,18,24,18150.0,0
119.0,plymouth,gas,std,two,hatchback,fwd,front,93.7,157.3,63.8,50.8,1918.0,ohc,four,90.0,2bbl,2.97,3.23,9.4,68.0,5500.0,37,41,5572.0,1
119.0,plymouth,gas,turbo,two,hatchback,fwd,front,93.7,157.3,63.8,50.8,2128.0,ohc,four,98.0,spdi,3.03,3.39,7.6,102.0,5500.0,24,30,7957.0,1
154.0,plymouth,gas,std,four,hatchback,fwd,front,93.7,157.3,63.8,50.6,1967.0,ohc,four,90.0,2bbl,2.97,3.23,9.4,68.0,5500.0,31,38,6229.0,1
154.0,plymouth,gas,std,four,sedan,fwd,front,93.7,167.3,63.8,50.8,1989.0,ohc,four,90.0,2bbl,2.97,3.23,9.4,68.0,5500.0,31,38,6692.0,1
154.0,plymouth,gas,std,four,sedan,fwd,front,93.7,167.3,63.8,50.8,2191.0,ohc,four,98.0,2bbl,2.97,3.23,9.4,68.0,5500.0,31,38,7609.0,1
74.0,plymouth,gas,std,four,wagon,fwd,front,103.3,174.6,64.6,59.8,2535.0,ohc,four,122.0,2bbl,3.35,3.46,8.5,88.0,5000.0,24,30,8921.0,-1
,plymouth,gas,turbo,two,hatchback,rwd,front,95.9,173.2,66.3,50.2,2818.0,ohc,four,156.0,spdi,3.59,3.86,7.0,145.0,5000.0,19,24,12764.0,3
186.0,porsche,gas,std,two,hatchback,rwd,front,94.5,168.9,68.3,50.2,2778.0,ohc,four,151.0,mpfi,3.94,3.11,9.5,143.0,5500.0,19,27,22018.0,3
,porsche,gas,std,two,hardtop,rwd,rear,89.5,168.9,65.0,51.6,2756.0,ohcf,six,194.0,mpfi,3.74,2.9,9.5,207.0,5900.0,17,25,32528.0,3
,porsche,gas,std,two,hardtop,rwd,rear,89.5,168.9,65.0,51.6,2756.0,ohcf,six,194.0,mpfi,3.74,2.9,9.5,207.0,5900.0,17,25,34028.0,3
,porsche,gas,std,two,convertible,rwd,rear,89.5,168.9,65.0,51.6,2800.0,ohcf,six,194.0,mpfi,3.74,2.9,9.5,207.0,5900.0,17,25,37028.0,3
,porsche,gas,std,two,hatchback,rwd,front,98.4,175.7,72.3,50.5,3366.0,dohcv,eight,203.0,mpfi,3.94,3.11,10.0,288.0,5750.0,17,28,,1
,renault,gas,std,four,wagon,fwd,front,96.1,181.5,66.5,55.2,2579.0,ohc,four,132.0,mpfi,3.46,3.9,8.7,,,23,31,9295.0,0
,renault,gas,std,two,hatchback,fwd,front,96.1,176.8,66.6,50.5,2460.0,ohc,four,132.0,mpfi,3.46,3.9,8.7,,,23,31,9895.0,2
150.0,saab,gas,std,two,hatchback,fwd,front,99.1,186.6,66.5,56.1,2658.0,ohc,four,121.0,mpfi,3.54,3.07,9.31,110.0,5250.0,21,28,11850.0,3
104.0,saab,gas,std,four,sedan,fwd,front,99.1,186.6,66.5,56.1,2695.0,ohc,four,121.0,mpfi,3.54,3.07,9.3,110.0,5250.0,21,28,12170.0,2
150.0,saab,gas,std,two,hatchback,fwd,front,99.1,186.6,66.5,56.1,2707.0,ohc,four,121.0,mpfi,2.54,2.07,9.3,110.0,5250.0,21,28,15040.0,3
104.0,saab,gas,std,four,sedan,fwd,front,99.1,186.6,66.5,56.1,2758.0,ohc,four,121.0,mpfi,3.54,3.07,9.3,110.0,5250.0,21,28,15510.0,2
150.0,saab,gas,turbo,two,hatchback,fwd,front,99.1,186.6,66.5,56.1,2808.0,dohc,four,121.0,mpfi,3.54,3.07,9.0,160.0,5500.0,19,26,18150.0,3
104.0,saab,gas,turbo,four,sedan,fwd,front,99.1,186.6,66.5,56.1,2847.0,dohc,four,121.0,mpfi,3.54,3.07,9.0,160.0,5500.0,19,26,18620.0,2
83.0,subaru,gas,std,two,hatchback,fwd,front,93.7,156.9,63.4,53.7,2050.0,ohcf,four,97.0,2bbl,3.62,2.36,9.0,69.0,4900.0,31,36,5118.0,2
83.0,subaru,gas,std,two,hatchback,fwd,front,93.7,157.9,63.6,53.7,2120.0,ohcf,four,108.0,2bbl,3.62,2.64,8.7,73.0,4400.0,26,31,7053.0,2
83.0,subaru,gas,std,two,hatchback,4wd,front,93.3,157.3,63.8,55.7,2240.0,ohcf,four,108.0,2bbl,3.62,2.64,8.7,73.0,4400.0,26,31,7603.0,2
102.0,subaru,gas,std,four,sedan,fwd,front,97.2,172.0,65.4,52.5,2145.0,ohcf,four,108.0,2bbl,3.62,2.64,9.5,82.0,4800.0,32,37,7126.0,0
102.0,subaru,gas,std,four,sedan,fwd,front,97.2,172.0,65.4,52.5,2190.0,ohcf,four,108.0,2bbl,3.62,2.64,9.5,82.0,4400.0,28,33,7775.0,0
102.0,subaru,gas,std,four,sedan,fwd,front,97.2,172.0,65.4,52.5,2340.0,ohcf,four,108.0,mpfi,3.62,2.64,9.0,94.0,5200.0,26,32,9960.0,0
102.0,subaru,gas,std,four,sedan,4wd,front,97.0,172.0,65.4,54.3,2385.0,ohcf,four,108.0,2bbl,3.62,2.64,9.0,82.0,4800.0,24,25,9233.0,0
102.0,subaru,gas,turbo,four,sedan,4wd,front,97.0,172.0,65.4,54.3,2510.0,ohcf,four,108.0,mpfi,3.62,2.64,7.7,111.0,4800.0,24,29,11259.0,0
89.0,subaru,gas,std,four,wagon,fwd,front,97.0,173.5,65.4,53.0,2290.0,ohcf,four,108.0,2bbl,3.62,2.64,9.0,82.0,4800.0,28,32,7463.0,0
89.0,subaru,gas,std,four,wagon,fwd,front,97.0,173.5,65.4,53.0,2455.0,ohcf,four,108.0,mpfi,3.62,2.64,9.0,94.0,5200.0,25,31,10198.0,0
85.0,subaru,gas,std,four,wagon,4wd,front,96.9,173.6,65.4,54.9,2420.0,ohcf,four,108.0,2bbl,3.62,2.64,9.0,82.0,4800.0,23,29,8013.0,0
85.0,subaru,gas,turbo,four,wagon,4wd,front,96.9,173.6,65.4,54.9,2650.0,ohcf,four,108.0,mpfi,3.62,2.64,7.7,111.0,4800.0,23,23,11694.0,0
87.0,toyota,gas,std,two,hatchback,fwd,front,95.7,158.7,63.6,54.5,1985.0,ohc,four,92.0,2bbl,3.05,3.03,9.0,62.0,4800.0,35,39,5348.0,1
87.0,toyota,gas,std,two,hatchback,fwd,front,95.7,158.7,63.6,54.5,2040.0,ohc,four,92.0,2bbl,3.05,3.03,9.0,62.0,4800.0,31,38,6338.0,1
74.0,toyota,gas,std,four,hatchback,fwd,front,95.7,158.7,63.6,54.5,2015.0,ohc,four,92.0,2bbl,3.05,3.03,9.0,62.0,4800.0,31,38,6488.0,1
77.0,toyota,gas,std,four,wagon,fwd,front,95.7,169.7,63.6,59.1,2280.0,ohc,four,92.0,2bbl,3.05,3.03,9.0,62.0,4800.0,31,37,6918.0,0
81.0,toyota,gas,std,four,wagon,4wd,front,95.7,169.7,63.6,59.1,2290.0,ohc,four,92.0,2bbl,3.05,3.03,9.0,62.0,4800.0,27,32,7898.0,0
91.0,toyota,gas,std,four,wagon,4wd,front,95.7,169.7,63.6,59.1,3110.0,ohc,four,92.0,2bbl,3.05,3.03,9.0,62.0,4800.0,27,32,8778.0,0
91.0,toyota,gas,std,four,sedan,fwd,front,95.7,166.3,64.4,53.0,2081.0,ohc,four,98.0,2bbl,3.19,3.03,9.0,70.0,4800.0,30,37,6938.0,0
91.0,toyota,gas,std,four,hatchback,fwd,front,95.7,166.3,64.4,52.8,2109.0,ohc,four,98.0,2bbl,3.19,3.03,9.0,70.0,4800.0,30,37,7198.0,0
91.0,toyota,diesel,std,four,sedan,fwd,front,95.7,166.3,64.4,53.0,2275.0,ohc,four,110.0,idi,3.27,3.35,22.5,56.0,4500.0,34,36,7898.0,0
91.0,toyota,diesel,std,four,hatchback,fwd,front,95.7,166.3,64.4,52.8,2275.0,ohc,four,110.0,idi,3.27,3.35,22.5,56.0,4500.0,38,47,7788.0,0
91.0,toyota,gas,std,four,sedan,fwd,front,95.7,166.3,64.4,53.0,2094.0,ohc,four,98.0,2bbl,3.19,3.03,9.0,70.0,4800.0,38,47,7738.0,0
91.0,toyota,gas,std,four,hatchback,fwd,front,95.7,166.3,64.4,52.8,2122.0,ohc,four,98.0,2bbl,3.19,3.03,9.0,70.0,4800.0,28,34,8358.0,0
91.0,toyota,gas,std,four,sedan,fwd,front,95.7,166.3,64.4,52.8,2140.0,ohc,four,98.0,2bbl,3.19,3.03,9.0,70.0,4800.0,28,34,9258.0,0
168.0,toyota,gas,std,two,sedan,rwd,front,94.5,168.7,64.0,52.6,2169.0,ohc,four,98.0,2bbl,3.19,3.03,9.0,70.0,4800.0,29,34,8058.0,1
168.0,toyota,gas,std,two,hatchback,rwd,front,94.5,168.7,64.0,52.6,2204.0,ohc,four,98.0,2bbl,3.19,3.03,9.0,70.0,4800.0,29,34,8238.0,1
168.0,toyota,gas,std,two,sedan,rwd,front,94.5,168.7,64.0,52.6,2265.0,dohc,four,98.0,mpfi,3.24,3.08,9.4,112.0,6600.0,26,29,9298.0,1
168.0,toyota,gas,std,two,hatchback,rwd,front,94.5,168.7,64.0,52.6,2300.0,dohc,four,98.0,mpfi,3.24,3.08,9.4,112.0,6600.0,26,29,9538.0,1
134.0,toyota,gas,std,two,hardtop,rwd,front,98.4,176.2,65.6,52.0,2540.0,ohc,four,146.0,mpfi,3.62,3.5,9.3,116.0,4800.0,24,30,8449.0,2
134.0,toyota,gas,std,two,hardtop,rwd,front,98.4,176.2,65.6,52.0,2536.0,ohc,four,146.0,mpfi,3.62,3.5,9.3,116.0,4800.0,24,30,9639.0,2
134.0,toyota,gas,std,two,hatchback,rwd,front,98.4,176.2,65.6,52.0,2551.0,ohc,four,146.0,mpfi,3.62,3.5,9.3,116.0,4800.0,24,30,9989.0,2
134.0,toyota,gas,std,two,hardtop,rwd,front,98.4,176.2,65.6,52.0,2679.0,ohc,four,146.0,mpfi,3.62,3.5,9.3,116.0,4800.0,24,30,11199.0,2
134.0,toyota,gas,std,two,hatchback,rwd,front,98.4,176.2,65.6,52.0,2714.0,ohc,four,146.0,mpfi,3.62,3.5,9.3,116.0,4800.0,24,30,11549.0,2
134.0,toyota,gas,std,two,convertible,rwd,front,98.4,176.2,65.6,53.0,2975.0,ohc,four,146.0,mpfi,3.62,3.5,9.3,116.0,4800.0,24,30,17669.0,2
65.0,toyota,gas,std,four,sedan,fwd,front,102.4,175.6,66.5,54.9,2326.0,ohc,four,122.0,mpfi,3.31,3.54,8.7,92.0,4200.0,29,34,8948.0,-1
65.0,toyota,diesel,turbo,four,sedan,fwd,front,102.4,175.6,66.5,54.9,2480.0,ohc,four,110.0,idi,3.27,3.35,22.5,73.0,4500.0,30,33,10698.0,-1
65.0,toyota,gas,std,four,hatchback,fwd,front,102.4,175.6,66.5,53.9,2414.0,ohc,four,122.0,mpfi,3.31,3.54,8.7,92.0,4200.0,27,32,9988.0,-1
65.0,toyota,gas,std,four,sedan,fwd,front,102.4,175.6,66.5,54.9,2414.0,ohc,four,122.0,mpfi,3.31,3.54,8.7,92.0,4200.0,27,32,10898.0,-1
65.0,toyota,gas,std,four,hatchback,fwd,front,102.4,175.6,66.5,53.9,2458.0,ohc,four,122.0,mpfi,3.31,3.54,8.7,92.0,4200.0,27,32,11248.0,-1
197.0,toyota,gas,std,two,hatchback,rwd,front,102.9,183.5,67.7,52.0,2976.0,dohc,six,171.0,mpfi,3.27,3.35,9.3,161.0,5200.0,20,24,16558.0,3
197.0,toyota,gas,std,two,hatchback,rwd,front,102.9,183.5,67.7,52.0,3016.0,dohc,six,171.0,mpfi,3.27,3.35,9.3,161.0,5200.0,19,24,15998.0,3
90.0,toyota,gas,std,four,sedan,rwd,front,104.5,187.8,66.5,54.1,3131.0,dohc,six,171.0,mpfi,3.27,3.35,9.2,156.0,5200.0,20,24,15690.0,-1
,toyota,gas,std,four,wagon,rwd,front,104.5,187.8,66.5,54.1,3151.0,dohc,six,161.0,mpfi,3.27,3.35,9.2,156.0,5200.0,19,24,15750.0,-1
122.0,volkswagen,diesel,std,two,sedan,fwd,front,97.3,171.7,65.5,55.7,2261.0,ohc,four,97.0,idi,3.01,3.4,23.0,52.0,4800.0,37,46,7775.0,2
122.0,volkswagen,gas,std,two,sedan,fwd,front,97.3,171.7,65.5,55.7,2209.0,ohc,four,109.0,mpfi,3.19,3.4,9.0,85.0,5250.0,27,34,7975.0,2
94.0,volkswagen,diesel,std,four,sedan,fwd,front,97.3,171.7,65.5,55.7,2264.0,ohc,four,97.0,idi,3.01,3.4,23.0,52.0,4800.0,37,46,7995.0,2
94.0,volkswagen,gas,std,four,sedan,fwd,front,97.3,171.7,65.5,55.7,2212.0,ohc,four,109.0,mpfi,3.19,3.4,9.0,85.0,5250.0,27,34,8195.0,2
94.0,volkswagen,gas,std,four,sedan,fwd,front,97.3,171.7,65.5,55.7,2275.0,ohc,four,109.0,mpfi,3.19,3.4,9.0,85.0,5250.0,27,34,8495.0,2
94.0,volkswagen,diesel,turbo,four,sedan,fwd,front,97.3,171.7,65.5,55.7,2319.0,ohc,four,97.0,idi,3.01,3.4,23.0,68.0,4500.0,37,42,9495.0,2
94.0,volkswagen,gas,std,four,sedan,fwd,front,97.3,171.7,65.5,55.7,2300.0,ohc,four,109.0,mpfi,3.19,3.4,10.0,100.0,5500.0,26,32,9995.0,2
,volkswagen,gas,std,two,convertible,fwd,front,94.5,159.3,64.2,55.6,2254.0,ohc,four,109.0,mpfi,3.19,3.4,8.5,90.0,5500.0,24,29,11595.0,3
256.0,volkswagen,gas,std,two,hatchback,fwd,front,94.5,165.7,64.0,51.4,2221.0,ohc,four,109.0,mpfi,3.19,3.4,8.5,90.0,5500.0,24,29,9980.0,3
,volkswagen,gas,std,four,sedan,fwd,front,100.4,180.2,66.9,55.1,2661.0,ohc,five,136.0,mpfi,3.19,3.4,8.5,110.0,5500.0,19,24,13295.0,0
,volkswagen,diesel,turbo,four,sedan,fwd,front,100.4,180.2,66.9,55.1,2579.0,ohc,four,97.0,idi,3.01,3.4,23.0,68.0,4500.0,33,38,13845.0,0
,volkswagen,gas,std,four,wagon,fwd,front,100.4,183.1,66.9,55.1,2563.0,ohc,four,109.0,mpfi,3.19,3.4,9.0,88.0,5500.0,25,31,12290.0,0
103.0,volvo,gas,std,four,sedan,rwd,front,104.3,188.8,67.2,56.2,2912.0,ohc,four,141.0,mpfi,3.78,3.15,9.5,114.0,5400.0,23,28,12940.0,-2
74.0,volvo,gas,std,four,wagon,rwd,front,104.3,188.8,67.2,57.5,3034.0,ohc,four,141.0,mpfi,3.78,3.15,9.5,114.0,5400.0,23,28,13415.0,-1
103.0,volvo,gas,std,four,sedan,rwd,front,104.3,188.8,67.2,56.2,2935.0,ohc,four,141.0,mpfi,3.78,3.15,9.5,114.0,5400.0,24,28,15985.0,-2
74.0,volvo,gas,std,four,wagon,rwd,front,104.3,188.8,67.2,57.5,3042.0,ohc,four,141.0,mpfi,3.78,3.15,9.5,114.0,5400.0,24,28,16515.0,-1
103.0,volvo,gas,turbo,four,sedan,rwd,front,104.3,188.8,67.2,56.2,3045.0,ohc,four,130.0,mpfi,3.62,3.15,7.5,162.0,5100.0,17,22,18420.0,-2
74.0,volvo,gas,turbo,four,wagon,rwd,front,104.3,188.8,67.2,57.5,3157.0,ohc,four,130.0,mpfi,3.62,3.15,7.5,162.0,5100.0,17,22,18950.0,-1
95.0,volvo,gas,std,four,sedan,rwd,front,109.1,188.8,68.9,55.5,2952.0,ohc,four,141.0,mpfi,3.78,3.15,9.5,114.0,5400.0,23,28,16845.0,-1
95.0,volvo,gas,turbo,four,sedan,rwd,front,109.1,188.8,68.8,55.5,3049.0,ohc,four,141.0,mpfi,3.78,3.15,8.7,160.0,5300.0,19,25,19045.0,-1
95.0,volvo,gas,std,four,sedan,rwd,front,109.1,188.8,68.9,55.5,3012.0,ohcv,six,173.0,mpfi,3.58,2.87,8.8,134.0,5500.0,18,23,21485.0,-1
95.0,volvo,diesel,turbo,four,sedan,rwd,front,109.1,188.8,68.9,55.5,3217.0,ohc,six,145.0,idi,3.01,3.4,23.0,106.0,4800.0,26,27,22470.0,-1
95.0,volvo,gas,turbo,four,sedan,rwd,front,109.1,188.8,68.9,55.5,3062.0,ohc,four,141.0,mpfi,3.78,3.15,9.5,114.0,5400.0,19,25,22625.0,-1
